$ ./main -v -P -S -R -T
Read 2D matrix from `test.txt'...

	A = ...

3x3  E0
 1.000  0.000  0.000
 0.000  1.000  0.000
 0.000  0.000  1.000


Computing eigen-vectors and -values using the Power Method...

	A = V \Lambda V^T

# \Lambda : Vector of eigenvalues
3 |>  E0  1.000  1.000  1.000

# V : Matrix whose columns are eigenvectors
3x3  E-1
 6.163 -5.660 -5.476
 5.459 -1.940  8.151
 5.675  8.013 -1.894


Computing the Frobenius norm of the difference

	A - A'  where  A' = V \Lambda V^T

# A' : V \Lambda V^T
3x3  E0
 1.000  0.000 -0.000
 0.000  1.000 -0.000
-0.000 -0.000  1.000

# | A - A' |
 5.196e-16


Computing the Singular Value Decomposition...

	A = U S V^T

# U
3x3  E-1
 6.163 -5.660 -5.476
 5.459 -1.940  8.151
 5.675  8.013 -1.894

# S : Diagonal of singular values
3 |>  E0  1.000  1.000  1.000

# V
3x3  E-1
 6.163 -5.660 -5.476
 5.459 -1.940  8.151
 5.675  8.013 -1.894


Computing the Frobenius norm of the difference

	A - A'  where  A' = U S V^T

# A' : U S V^T
3x3  E0
 1.000  0.000  0.000
 0.000  1.000  0.000
 0.000  0.000  1.000

# | A - A' |
 3.290e-16
Random 10x20 matrix...

	A = ...

20x10  E-1
 3.825  2.246  2.731  4.305  2.945  7.079  6.543  0.952  0.772  8.107
 6.661  3.346  7.134  6.381  9.279  0.019  3.561  7.729  9.950  3.255
 0.005  0.253  2.075  5.965  0.239  7.156  5.197  1.556  5.755  4.302
 1.068  4.701  9.775  8.367  7.419  3.197  3.051  3.375  4.529  6.300
 4.678  2.383  3.201  3.435  1.927  9.756  0.326  1.597  7.605  9.507
 6.361  4.233  8.759  7.593  9.493  4.393  7.263  7.049  9.624  6.254
 2.200  5.659  4.410  0.187  7.526  1.027  6.140  6.271  0.349  7.413
 7.044  9.666  2.136  3.807  1.838  9.628  2.201  8.120  7.153  7.716
 6.193  8.170  1.945  4.103  5.079  0.121  4.966  5.962  8.199  3.586
 8.436  2.595  0.422  4.498  4.764  3.888  0.318  3.980  3.012  7.379
 9.634  9.429  3.840  6.344  0.935  3.232  6.583  9.040  5.292  5.301
 4.516  9.536  6.441  1.992  5.246  8.483  3.552  5.238  9.013  1.631
 9.040  1.789  6.756  8.028  6.884  6.019  5.489  2.437  8.164  7.497
 9.736  6.957  1.096  5.692  6.943  3.156  1.477  6.681  1.506  6.977
 6.950  6.570  3.760  0.341  1.641  6.727  4.853  6.496  2.716  5.484
 7.749  0.824  7.638  3.783  2.405  9.061  8.180  5.128  0.360  3.471
 4.210  6.424  9.103  8.044  9.608  5.403  4.037  1.196  5.142  4.370
 7.977  8.270  6.356  6.932  9.488  0.007  5.912  4.044  3.694  9.663
 9.177  8.122  0.767  6.817  7.985  4.565  3.078  0.301  0.040  4.744
 4.479  3.593  7.695  0.385  4.266  9.306  8.388  9.189  4.112  2.522


Computing the Singular Value Decomposition...

	A = U S V^T

# U
20x10  E-1
 0.228  0.932  0.218 -2.258  1.669 -0.249  1.893  2.790 -4.009  1.002
 0.332 -1.660  0.991  1.780 -1.452  3.173 -0.220 -3.026  0.412  2.498
 0.180  1.267  1.521 -1.143 -1.226  0.837  1.232  5.541 -2.251  9.812
 0.296 -1.148  1.855 -0.497  0.132 -2.493  1.682  1.496  9.686  1.254
 0.260  1.523  0.328 -2.188 -2.743 -0.594  2.981 -2.925 -0.124 -5.853
 0.408 -0.779  1.562  0.730 -0.344  1.780  0.663 -0.414 -2.079  2.722
 0.239 -0.622 -0.393  0.910  2.966 -1.939  5.743 -1.488 -3.328  2.050
 0.345  1.674 -1.608  0.388 -2.137 -1.769  1.412  0.058  3.450  3.311
 0.281 -0.834 -0.943  1.873 -1.493  0.697  0.301  3.245 -6.174 -0.311
 0.236 -0.136 -1.382 -1.613 -0.753  2.258  0.687 -3.973  1.024  2.667
 0.346  0.416 -1.718  1.505 -0.040  2.258 -0.916  6.333  5.285 -3.584
 0.319  0.877  0.415  1.978 -1.789 -4.270 -2.790 -1.426 -3.023 -2.571
 0.361 -0.246  1.106 -1.650 -0.862  3.065 -1.299 -0.706 -3.171 -6.140
 0.300 -0.691 -2.241 -0.660  0.348  0.713 -0.430 -2.815  3.654  7.558
 0.265  1.430 -1.136  0.779  0.977 -0.488  0.583 -0.895  0.165 -6.196
 0.277  1.639  0.869 -0.464  3.195  2.510 -3.446 -0.580  2.817 -2.744
 0.332 -1.093  1.536 -0.777  0.090 -3.534 -2.904  0.149  1.522 -0.718
 0.367 -1.898 -0.676 -0.575  1.301 -0.541  2.198  1.747 -0.891 -7.884
 0.272 -0.903 -1.738 -2.002  0.839 -2.243 -4.959  0.473 -4.166  4.468
 0.304  1.818  1.060  2.075  2.215  0.128 -0.378 -2.759 -1.288  4.501

# S : Diagonal of singular values
10 |>  E1  5.471  0.351  0.301  0.240  0.190  0.110  0.088  0.067  0.037  0.023

# V
10x10  E-1
 3.704 -0.063 -4.660 -1.324  0.475  4.668 -4.593 -2.384 -0.623 -3.692
 3.248 -0.841 -4.740  2.781 -0.821 -6.691 -0.966  3.243  0.307 -1.249
 3.027 -0.663  5.608  1.623  2.420 -1.336 -0.688 -1.157  4.512 -5.147
 2.998 -2.924  1.374 -3.733 -1.744  1.709 -2.494  4.907  3.927  3.869
 3.316 -5.485  1.397 -0.605  1.651 -2.284 -0.405 -4.935 -3.472  3.477
 2.981  7.460  1.509 -2.860 -0.440 -2.874 -2.317 -2.099 -0.309  2.584
 2.755  1.445  1.917  1.551  5.151  1.996  0.280  5.146 -5.209  0.154
 2.985  1.555 -1.885  5.681  1.066  2.946  2.677 -1.748  3.737  4.341
 3.058  0.125  2.841  2.671 -7.717  1.611  1.019  0.293 -3.216 -1.349
 3.440  0.200 -1.718 -4.857  0.253  0.084  7.581 -0.041  0.388 -1.972


Computing the Frobenius norm of the difference between A and reconstructions from truncated values of S

# Number of singular values, | A - A' |
 1,	3.752e0
 2,	3.249e0
 3,	2.748e0
 4,	2.269e0
 5,	1.803e0
 6,	1.465e0
 7,	1.126e0
 8,	7.739e-1
 9,	4.810e-1
 10,	5.641e-4
